0 0.6561382113821138 0.25943571428571427 0.13163414634146342 0.04686428571428571
0 0.6427479674796748 0.3219285714285714 0.12505691056910567 0.052657142857142854
0 0.6274146341463415 0.3883714285714286 0.09323577235772358 0.04605714285714286
0 0.617390243902439 0.4493857142857143 0.16813821138211382 0.05932142857142857
0 0.6276585365853659 0.5008142857142857 0.10141463414634146 0.04353571428571429
0 0.6919024390243902 0.5804285714285714 0.0703739837398374 0.03960714285714286
0 0.6387886178861789 0.9048857142857142 0.09557723577235773 0.09459285714285715
0 0.6340975609756098 0.8287214285714286 0.08807317073170731 0.05547857142857143
0 0.6074552845528455 0.7619857142857143 0.057235772357723584 0.052
1 0.8618861788617885 0.2574 0.19639024390243903 0.16194999999999998
1 0.8014390243902438 0.3030857142857143 0.1895691056910569 0.15309285714285714
1 0.8406991869918699 0.3882714285714286 0.20683739837398374 0.13785714285714284
1 0.8243821138211382 0.44384999999999997 0.1868780487804878 0.14716428571428572
1 0.8066585365853659 0.5065071428571428 0.19790243902439023 0.14232857142857142
1 0.8529674796747968 0.5723357142857143 0.1785528455284553 0.1644857142857143
1 0.6670325203252033 0.7057214285714286 0.17850406504065042 0.16026428571428572
1 0.8380569105691057 0.6610642857142858 0.19521138211382114 0.13405714285714287
1 0.8661056910569105 0.8092571428571429 0.17104065040650407 0.14462142857142857
1 0.789170731707317 0.8986214285714286 0.2009512195121951 0.16558571428571428
1 0.8355365853658537 0.7471214285714286 0.17960162601626015 0.14842142857142857