2 0.278125 0.528125 0.1765625 0.528125 0.1765625 0.725 0.278125 0.725 0.278125 0.528125
2 0 0.5015625 0.13125 0.5015625 0.13125 0.290625 0 0.290625 0 0.5015625
2 0.4828125 0.059375 0.3546875 0.059375 0.3546875 0.253125 0.4828125 0.253125 0.4828125 0.059375
2 0.4828125 0.29375 0.303125 0.29375 0.303125 0.5703125 0.4828125 0.5703125 0.4828125 0.29375
2 0.7015625 0.5984375 0.5484375 0.5984375 0.5484375 0.86875 0.7015625 0.86875 0.7015625 0.5984375
2 0.615625 0.3 0.509375 0.3 0.509375 0.4703125 0.615625 0.4703125 0.615625 0.3
2 0.753125 0.0921875 0.653125 0.0921875 0.653125 0.265625 0.753125 0.265625 0.753125 0.0921875
2 0.840625 0.3109375 0.759375 0.3109375 0.759375 0.459375 0.840625 0.459375 0.840625 0.3109375
2 0.4953125 0.615625 0.3078125 0.615625 0.3078125 0.9046875 0.4953125 0.9046875 0.4953125 0.615625
2 0.925 0.484375 0.8515625 0.484375 0.8515625 0.6265625 0.925 0.6265625 0.925 0.484375
2 0.6109375 0.5140625 0.5078125 0.5140625 0.5078125 0.5921875 0.6109375 0.5921875 0.6109375 0.5140625
2 0.8375 0.4921875 0.753125 0.4921875 0.753125 0.6421875 0.8375 0.6421875 0.8375 0.4921875
2 0 0.2390625 0.125 0.2390625 0.125 0.0234375 0 0.0234375 0 0.2390625
2 0.7484375 0.3 0.653125 0.3 0.653125 0.4609375 0.7484375 0.4609375 0.7484375 0.3
2 0.73125 0.5046875 0.6390625 0.5046875 0.6390625 0.6515625 0.73125 0.6515625 0.73125 0.5046875
2 0 0.7578125 0.1453125 0.7578125 0.1453125 0.5375 0 0.5375 0 0.7578125
2 0.278125 0.2921875 0.1578125 0.2921875 0.1578125 0.490625 0.278125 0.490625 0.278125 0.2921875