2 0.421875 0.384375 0.2859375 0.384375 0.2859375 0.5640625 0.421875 0.5640625 0.421875 0.384375
2 0.7328125 0.7296875 0.578125 0.7296875 0.578125 0.928125 0.7328125 0.928125 0.7328125 0.7296875
2 0.9796875 0.7734375 0.8140625 0.7734375 0.8140625 0.9921875 0.9796875 0.9921875 0.9796875 0.7734375
2 0.853125 0.6578125 0.74375 0.6578125 0.74375 0.8078125 0.853125 0.8078125 0.853125 0.6578125
2 0.73125 0.4484375 0.584375 0.4484375 0.584375 0.646875 0.73125 0.646875 0.73125 0.4484375
2 0.703125 0.071875 0.521875 0.071875 0.521875 0.3078125 0.703125 0.3078125 0.703125 0.071875
2 0.1921875 0.025 0.021875 0.025 0.021875 0.2453125 0.1921875 0.2453125 0.1921875 0.025
2 0.9734375 0.4578125 0.8609375 0.4578125 0.8609375 0.615625 0.9734375 0.615625 0.9734375 0.4578125
2 0.975 0.0140625 0.88125 0.0140625 0.88125 0.1375 0.975 0.1375 0.975 0.0140625
2 0.8390625 0.540625 0.759375 0.540625 0.759375 0.646875 0.8390625 0.646875 0.8390625 0.540625
2 0.4609375 0.040625 0.2296875 0.040625 0.2296875 0.3515625 0.4609375 0.3515625 0.4609375 0.040625
2 0.5078125 0.3671875 0.4046875 0.3671875 0.4046875 0.503125 0.5078125 0.503125 0.5078125 0.3671875
2 0.54375 0.5265625 0.434375 0.5265625 0.434375 0.6734375 0.54375 0.6734375 0.54375 0.5265625
2 0.996875 0.15625 0.896875 0.15625 0.896875 0.290625 0.996875 0.290625 0.996875 0.15625
2 0.8609375 0.14375 0.6765625 0.14375 0.6765625 0.384375 0.8609375 0.384375 0.8609375 0.14375
2 0.3640625 0.575 0.2125 0.575 0.2125 0.7875 0.3640625 0.7875 0.3640625 0.575
2 0.840625 0.4203125 0.7609375 0.4203125 0.7609375 0.528125 0.840625 0.528125 0.840625 0.4203125
2 0.9578125 0.3109375 0.8625 0.3109375 0.8625 0.4375 0.9578125 0.4375 0.9578125 0.3109375
2 0.1921875 0.378125 0.015625 0.378125 0.015625 0.621875 0.1921875 0.621875 0.1921875 0.378125
2 0.203125 0.74375 0.025 0.74375 0.025 0.9734375 0.203125 0.9734375 0.203125 0.74375
2 0.5625 0.6984375 0.375 0.6984375 0.375 0.965625 0.5625 0.965625 0.5625 0.6984375