2 1 0.321875 0.940625 0.321875 0.940625 0.359375 1 0.359375 1 0.321875
2 0 0.9984375 0.0921875 0.9984375 0.0921875 0.9390625 0 0.9390625 0 0.9984375
2 0.3546875 1 0.3546875 0.9078125 0.2171875 0.9078125 0.2171875 1 0.3546875 1
2 0.89375 0.0609375 0.83125 0.0609375 0.83125 0.0828125 0.89375 0.0828125 0.89375 0.0609375
2 0.784375 1 0.784375 0.9046875 0.6421875 0.9046875 0.6421875 1 0.784375 1
2 0.7875 0.1546875 0.7171875 0.1546875 0.7171875 0.1859375 0.7875 0.1859375 0.7875 0.1546875
2 0.6296875 0.1 0.5625 0.1 0.5625 0.128125 0.6296875 0.128125 0.6296875 0.1
2 0.5515625 0.6796875 0.4265625 0.6796875 0.4265625 0.7734375 0.5515625 0.7734375 0.5515625 0.6796875
2 0.7484375 0.4046875 0.65625 0.4046875 0.65625 0.4328125 0.7484375 0.4328125 0.7484375 0.4046875
2 0.884375 0.315625 0.8015625 0.315625 0.8015625 0.3609375 0.884375 0.3609375 0.884375 0.315625
2 0.1421875 0.5546875 0.03125 0.5546875 0.03125 0.628125 0.1421875 0.628125 0.1421875 0.5546875
2 0.8765625 0.1109375 0.8109375 0.1109375 0.8109375 0.140625 0.8765625 0.140625 0.8765625 0.1109375
2 0.4703125 0.5265625 0.3640625 0.5265625 0.3640625 0.590625 0.4703125 0.590625 0.4703125 0.5265625
2 0.8765625 0.55625 0.7421875 0.55625 0.7421875 0.6203125 0.8765625 0.6203125 0.8765625 0.55625
2 0.3796875 0.0828125 0.315625 0.0828125 0.315625 0.1125 0.3796875 0.1125 0.3796875 0.0828125
2 0.4734375 0.1328125 0.396875 0.1328125 0.396875 0.1625 0.4734375 0.1625 0.4734375 0.1328125
2 0.390625 0.1328125 0.3234375 0.1328125 0.3234375 0.1640625 0.390625 0.1640625 0.390625 0.1328125
2 1 0.1625 0.946875 0.1625 0.946875 0.19375 1 0.19375 1 0.1625
2 0.2984375 0.521875 0.1921875 0.521875 0.1921875 0.5921875 0.2984375 0.5921875 0.2984375 0.521875
2 0.0921875 0.0609375 0.01875 0.0609375 0.01875 0.0921875 0.0921875 0.0921875 0.0921875 0.0609375
2 0.6421875 0.509375 0.5328125 0.509375 0.5328125 0.571875 0.6421875 0.571875 0.6421875 0.509375