2 0.359375 0.5203125 0.3328125 0.5203125 0.3328125 0.5578125 0.359375 0.5578125 0.359375 0.5203125
2 0.6046875 0.728125 0.5796875 0.728125 0.5796875 0.765625 0.6046875 0.765625 0.6046875 0.728125
2 0.59375 0.5671875 0.571875 0.5671875 0.571875 0.6015625 0.59375 0.6015625 0.59375 0.5671875
2 0.625 0.940625 0.596875 0.940625 0.596875 0.98125 0.625 0.98125 0.625 0.940625
2 0 0.88125 0.01875 0.88125 0.01875 0.83125 0 0.83125 0 0.88125
2 0.6 0.6484375 0.5765625 0.6484375 0.5765625 0.684375 0.6 0.684375 0.6 0.6484375
2 0.8203125 0.803125 0.796875 0.803125 0.796875 0.8359375 0.8203125 0.8359375 0.8203125 0.803125
2 0.3546875 0.678125 0.3265625 0.678125 0.3265625 0.71875 0.3546875 0.71875 0.3546875 0.678125
2 0.065625 0.553125 0.0265625 0.553125 0.0265625 0.5984375 0.065625 0.5984375 0.065625 0.553125
2 0.3546875 0.8015625 0.325 0.8015625 0.325 0.8453125 0.3546875 0.8453125 0.3546875 0.8015625
2 0.615625 0.840625 0.590625 0.840625 0.590625 0.8796875 0.615625 0.8796875 0.615625 0.840625
2 0.353125 0.8953125 0.321875 0.8953125 0.321875 0.940625 0.353125 0.940625 0.353125 0.8953125
2 0.1 0.359375 0.065625 0.359375 0.065625 0.396875 0.1 0.396875 0.1 0.359375
2 0.0828125 0.4484375 0.0484375 0.4484375 0.0484375 0.4890625 0.0828125 0.4890625 0.0828125 0.4484375
2 0.8078125 0.734375 0.7859375 0.734375 0.7859375 0.7671875 0.8078125 0.7671875 0.8078125 0.734375
2 0.79375 0.6375 0.771875 0.6375 0.771875 0.66875 0.79375 0.66875 0.79375 0.6375
2 0.5890625 0.4984375 0.5671875 0.4984375 0.5671875 0.53125 0.5890625 0.53125 0.5890625 0.4984375
2 0.3578125 0.5921875 0.33125 0.5921875 0.33125 0.6328125 0.3578125 0.6328125 0.3578125 0.5921875
2 0 0.75625 0.040625 0.75625 0.040625 0.7078125 0 0.7078125 0 0.75625
2 0.78125 0.5546875 0.759375 0.5546875 0.759375 0.584375 0.78125 0.584375 0.78125 0.5546875
2 0.3609375 0.453125 0.3359375 0.453125 0.3359375 0.4875 0.3609375 0.4875 0.3609375 0.453125