2 0.55 0.4484375 0.478125 0.4484375 0.478125 0.4765625 0.55 0.4765625 0.55 0.4484375
2 0.6109375 0.4453125 0.5859375 0.4453125 0.5859375 0.46875 0.6109375 0.46875 0.6109375 0.4453125
2 0.615625 0.50625 0.534375 0.50625 0.534375 0.6140625 0.615625 0.6140625 0.615625 0.50625
2 0.3859375 0.5203125 0.30625 0.5203125 0.30625 0.6296875 0.3859375 0.6296875 0.3859375 0.5203125
2 0.4421875 0.4578125 0.36875 0.4578125 0.36875 0.4828125 0.4421875 0.4828125 0.4421875 0.4578125
2 0.64375 0.646875 0.603125 0.646875 0.603125 0.7640625 0.64375 0.7640625 0.64375 0.646875
2 0.3296875 0.465625 0.2984375 0.465625 0.2984375 0.4875 0.3296875 0.4875 0.3296875 0.465625
2 0.325 0.66875 0.2890625 0.66875 0.2890625 0.796875 0.325 0.796875 0.325 0.66875
2 0.4515625 0.6609375 0.3671875 0.6609375 0.3671875 0.7859375 0.4515625 0.7859375 0.4515625 0.6609375
2 0.503125 0.5140625 0.4234375 0.5140625 0.4234375 0.6203125 0.503125 0.6203125 0.503125 0.5140625
2 0.575 0.653125 0.4875 0.653125 0.4875 0.775 0.575 0.775 0.575 0.653125