2 0.89375 0.4078125 0.7609375 0.4078125 0.7609375 0.5859375 0.89375 0.5859375 0.89375 0.4078125
2 0.896875 0.6953125 0.8578125 0.6953125 0.8578125 0.78125 0.896875 0.78125 0.896875 0.6953125
2 0.853125 0.7234375 0.8 0.7234375 0.8 0.75625 0.853125 0.75625 0.853125 0.7234375
2 0.209375 0.509375 0.15 0.509375 0.15 0.590625 0.209375 0.590625 0.209375 0.509375
2 0.51875 0.1921875 0.459375 0.1921875 0.459375 0.265625 0.51875 0.265625 0.51875 0.1921875
2 0.7875 0.746875 0.775 0.746875 0.775 0.815625 0.7875 0.815625 0.7875 0.746875
2 0.8734375 0.1359375 0.7453125 0.1359375 0.7453125 0.2984375 0.8734375 0.2984375 0.8734375 0.1359375
2 0.8625 0.75 0.7890625 0.75 0.7890625 0.853125 0.8625 0.853125 0.8625 0.75
2 0.775 0.6953125 0.7171875 0.6953125 0.7171875 0.7859375 0.775 0.7859375 0.775 0.6953125
2 0.2796875 0.096875 0.2625 0.096875 0.2625 0.2984375 0.2796875 0.2984375 0.2796875 0.096875
2 0.165625 0.4359375 0.1515625 0.4359375 0.1515625 0.4828125 0.165625 0.4828125 0.165625 0.4359375
2 0.4140625 0.1375 0.2828125 0.1375 0.2828125 0.3 0.4140625 0.3 0.4140625 0.1375
2 0.2375 0.765625 0.1703125 0.765625 0.1703125 0.8515625 0.2375 0.8515625 0.2375 0.765625
2 0.85 0.69375 0.7859375 0.69375 0.7859375 0.721875 0.85 0.721875 0.85 0.69375
2 0.1453125 0.753125 0.109375 0.753125 0.109375 0.8421875 0.1453125 0.8421875 0.1453125 0.753125
2 0.578125 0.6578125 0.41875 0.6578125 0.41875 0.8453125 0.578125 0.8453125 0.578125 0.6578125
2 0.565625 0.41875 0.428125 0.41875 0.428125 0.5984375 0.565625 0.5984375 0.565625 0.41875