2 0.1625 0.1765625 0.09375 0.1765625 0.09375 0.228125 0.1625 0.228125 0.1625 0.1765625
2 0.228125 0.1703125 0.16875 0.1703125 0.16875 0.225 0.228125 0.225 0.228125 0.1703125
2 0.3015625 0.1609375 0.2390625 0.1609375 0.2390625 0.221875 0.3015625 0.221875 0.3015625 0.1609375
2 0.38125 0.1578125 0.3125 0.1578125 0.3125 0.215625 0.38125 0.215625 0.38125 0.1578125
2 0.15625 0.240625 0.09375 0.240625 0.09375 0.2953125 0.15625 0.2953125 0.15625 0.240625
2 0.2296875 0.240625 0.1703125 0.240625 0.1703125 0.2921875 0.2296875 0.2921875 0.2296875 0.240625
2 0.303125 0.2328125 0.2359375 0.2328125 0.2359375 0.2921875 0.303125 0.2921875 0.303125 0.2328125
2 0.38125 0.2296875 0.3125 0.2296875 0.3125 0.2875 0.38125 0.2875 0.38125 0.2296875
2 0.1578125 0.3078125 0.1 0.3078125 0.1 0.3578125 0.1578125 0.3578125 0.1578125 0.3078125
2 0.225 0.303125 0.16875 0.303125 0.16875 0.3609375 0.225 0.3609375 0.225 0.303125
2 0.3 0.3 0.228125 0.3 0.228125 0.3578125 0.3 0.3578125 0.3 0.3
2 0.3734375 0.3 0.30625 0.3 0.30625 0.3546875 0.3734375 0.3546875 0.3734375 0.3
2 0.15625 0.3703125 0.0953125 0.3703125 0.0953125 0.4234375 0.15625 0.4234375 0.15625 0.3703125
2 0.2234375 0.371875 0.159375 0.371875 0.159375 0.4234375 0.2234375 0.4234375 0.2234375 0.371875
2 0.2953125 0.371875 0.2328125 0.371875 0.2328125 0.4265625 0.2953125 0.4265625 0.2953125 0.371875
2 0.3796875 0.3703125 0.30625 0.3703125 0.30625 0.428125 0.3796875 0.428125 0.3796875 0.3703125
2 0.15 0.4328125 0.0921875 0.4328125 0.0921875 0.4890625 0.15 0.4890625 0.15 0.4328125
2 0.2265625 0.434375 0.159375 0.434375 0.159375 0.496875 0.2265625 0.496875 0.2265625 0.434375
2 0.2953125 0.4375 0.228125 0.4375 0.228125 0.4921875 0.2953125 0.4921875 0.2953125 0.4375
2 0.371875 0.4390625 0.3046875 0.4390625 0.3046875 0.4984375 0.371875 0.4984375 0.371875 0.4390625
2 0.609375 0.14375 0.5203125 0.14375 0.5203125 0.2078125 0.609375 0.2078125 0.609375 0.14375
2 0.70625 0.15625 0.615625 0.15625 0.615625 0.2265625 0.70625 0.2265625 0.70625 0.15625
2 0.8078125 0.1640625 0.7171875 0.1640625 0.7171875 0.2390625 0.8078125 0.2390625 0.8078125 0.1640625
2 0.925 0.18125 0.8234375 0.18125 0.8234375 0.25625 0.925 0.25625 0.925 0.18125
2 0.5828125 0.2171875 0.490625 0.2171875 0.490625 0.2875 0.5828125 0.2875 0.5828125 0.2171875
2 0.671875 0.2375 0.5859375 0.2375 0.5859375 0.3015625 0.671875 0.3015625 0.671875 0.2375
2 0.7734375 0.2453125 0.6796875 0.2453125 0.6796875 0.3203125 0.7734375 0.3203125 0.7734375 0.2453125
2 0.884375 0.2640625 0.7875 0.2640625 0.7875 0.3421875 0.884375 0.3421875 0.884375 0.2640625
2 0.5484375 0.2953125 0.4671875 0.2953125 0.4671875 0.3640625 0.5484375 0.3640625 0.5484375 0.2953125
2 0.6390625 0.3125 0.5578125 0.3125 0.5578125 0.3796875 0.6390625 0.3796875 0.6390625 0.3125
2 0.7375 0.328125 0.6484375 0.328125 0.6484375 0.40625 0.7375 0.40625 0.7375 0.328125
2 0.8484375 0.3484375 0.7515625 0.3484375 0.7515625 0.4265625 0.8484375 0.4265625 0.8484375 0.3484375
2 0.51875 0.3703125 0.4421875 0.3703125 0.4421875 0.43125 0.51875 0.43125 0.51875 0.3703125
2 0.6078125 0.3859375 0.5265625 0.3859375 0.5265625 0.45625 0.6078125 0.45625 0.6078125 0.3859375
2 0.7078125 0.4078125 0.6140625 0.4078125 0.6140625 0.478125 0.7078125 0.478125 0.7078125 0.4078125
2 0.809375 0.4296875 0.715625 0.4296875 0.715625 0.5078125 0.809375 0.5078125 0.809375 0.4296875
2 0.490625 0.4390625 0.4109375 0.4390625 0.4109375 0.50625 0.490625 0.50625 0.490625 0.4390625
2 0.5765625 0.459375 0.496875 0.459375 0.496875 0.5328125 0.5765625 0.5328125 0.5765625 0.459375
2 0.6765625 0.4828125 0.584375 0.4828125 0.584375 0.5625 0.6765625 0.5625 0.6765625 0.4828125
2 0.7890625 0.5078125 0.6828125 0.5078125 0.6828125 0.5890625 0.7890625 0.5890625 0.7890625 0.5078125
2 0.346875 0.5359375 0.271875 0.5359375 0.271875 0.6015625 0.346875 0.6015625 0.346875 0.5359375
2 0.4109375 0.5859375 0.3328125 0.5859375 0.3328125 0.6515625 0.4109375 0.6515625 0.4109375 0.5859375
2 0.4703125 0.6375 0.390625 0.6375 0.390625 0.7046875 0.4703125 0.7046875 0.4703125 0.6375
2 0.5390625 0.6859375 0.45625 0.6859375 0.45625 0.759375 0.5390625 0.759375 0.5390625 0.6859375
2 0.6109375 0.74375 0.51875 0.74375 0.51875 0.8171875 0.6109375 0.8171875 0.6109375 0.74375
2 0.3046875 0.5828125 0.2265625 0.5828125 0.2265625 0.65 0.3046875 0.65 0.3046875 0.5828125
2 0.353125 0.63125 0.284375 0.63125 0.284375 0.7 0.353125 0.7 0.353125 0.63125
2 0.4234375 0.6796875 0.3375 0.6796875 0.3375 0.7484375 0.4234375 0.7484375 0.4234375 0.6796875
2 0.478125 0.734375 0.4 0.734375 0.4 0.8046875 0.478125 0.8046875 0.478125 0.734375
2 0.5671875 0.7921875 0.4625 0.7921875 0.4625 0.859375 0.5671875 0.859375 0.5671875 0.7921875
2 0.2515625 0.6296875 0.178125 0.6296875 0.178125 0.69375 0.2515625 0.69375 0.2515625 0.6296875
2 0.309375 0.6828125 0.23125 0.6828125 0.23125 0.7421875 0.309375 0.7421875 0.309375 0.6828125
2 0.3625 0.7296875 0.2875 0.7296875 0.2875 0.79375 0.3625 0.79375 0.3625 0.7296875
2 0.4265625 0.7828125 0.3484375 0.7828125 0.3484375 0.85 0.4265625 0.85 0.4265625 0.7828125
2 0.4921875 0.8375 0.4046875 0.8375 0.4046875 0.9046875 0.4921875 0.9046875 0.4921875 0.8375
2 0.2046875 0.6703125 0.134375 0.6703125 0.134375 0.734375 0.2046875 0.734375 0.2046875 0.6703125
2 0.25625 0.725 0.1890625 0.725 0.1890625 0.7859375 0.25625 0.7859375 0.25625 0.725
2 0.3125 0.7765625 0.240625 0.7765625 0.240625 0.8375 0.3125 0.8375 0.3125 0.7765625
2 0.365625 0.825 0.296875 0.825 0.296875 0.89375 0.365625 0.89375 0.365625 0.825
2 0.4375 0.88125 0.3515625 0.88125 0.3515625 0.946875 0.4375 0.946875 0.4375 0.88125