2 0.325 0.284375 0.2734375 0.284375 0.2734375 0.325 0.325 0.325 0.325 0.284375
2 0.375 0.2859375 0.3296875 0.2859375 0.3296875 0.31875 0.375 0.31875 0.375 0.2859375
2 0.4328125 0.28125 0.3828125 0.28125 0.3828125 0.3234375 0.4328125 0.3234375 0.4328125 0.28125
2 0.4890625 0.2828125 0.4359375 0.2828125 0.4359375 0.321875 0.4890625 0.321875 0.4890625 0.2828125
2 0.3265625 0.33125 0.2765625 0.33125 0.2765625 0.3671875 0.3265625 0.3671875 0.3265625 0.33125
2 0.3765625 0.3296875 0.33125 0.3296875 0.33125 0.36875 0.3765625 0.36875 0.3765625 0.3296875
2 0.43125 0.328125 0.3828125 0.328125 0.3828125 0.3671875 0.43125 0.3671875 0.43125 0.328125
2 0.4859375 0.328125 0.4375 0.328125 0.4375 0.3640625 0.4859375 0.3640625 0.4859375 0.328125
2 0.325 0.3734375 0.2796875 0.3734375 0.2796875 0.409375 0.325 0.409375 0.325 0.3734375
2 0.378125 0.3734375 0.3296875 0.3734375 0.3296875 0.4109375 0.378125 0.4109375 0.378125 0.3734375
2 0.4296875 0.375 0.384375 0.375 0.384375 0.4109375 0.4296875 0.4109375 0.4296875 0.375
2 0.4828125 0.371875 0.434375 0.371875 0.434375 0.4125 0.4828125 0.4125 0.4828125 0.371875
2 0.3265625 0.415625 0.2796875 0.415625 0.2796875 0.4546875 0.3265625 0.4546875 0.3265625 0.415625
2 0.378125 0.41875 0.3296875 0.41875 0.3296875 0.453125 0.378125 0.453125 0.378125 0.41875
2 0.4296875 0.41875 0.3796875 0.41875 0.3796875 0.45625 0.4296875 0.45625 0.4296875 0.41875
2 0.484375 0.415625 0.4375 0.415625 0.4375 0.4546875 0.484375 0.4546875 0.484375 0.415625
2 0.3265625 0.4578125 0.2796875 0.4578125 0.2796875 0.496875 0.3265625 0.496875 0.3265625 0.4578125
2 0.3765625 0.459375 0.3328125 0.459375 0.3328125 0.496875 0.3765625 0.496875 0.3765625 0.459375
2 0.428125 0.45625 0.378125 0.45625 0.378125 0.496875 0.428125 0.496875 0.428125 0.45625
2 0.484375 0.459375 0.434375 0.459375 0.434375 0.4984375 0.484375 0.4984375 0.484375 0.459375
2 0.6296875 0.2765625 0.571875 0.2765625 0.571875 0.3234375 0.6296875 0.3234375 0.6296875 0.2765625
2 0.6921875 0.290625 0.63125 0.290625 0.63125 0.334375 0.6921875 0.334375 0.6921875 0.290625
2 0.7515625 0.3046875 0.690625 0.3046875 0.690625 0.3453125 0.7515625 0.3453125 0.7515625 0.3046875
2 0.821875 0.3109375 0.7546875 0.3109375 0.7546875 0.3546875 0.821875 0.3546875 0.821875 0.3109375
2 0.615625 0.325 0.5578125 0.325 0.5578125 0.3671875 0.615625 0.3671875 0.615625 0.325
2 0.675 0.3375 0.615625 0.3375 0.615625 0.3796875 0.675 0.3796875 0.675 0.3375
2 0.73125 0.3484375 0.675 0.3484375 0.675 0.3890625 0.73125 0.3890625 0.73125 0.3484375
2 0.80625 0.3546875 0.7359375 0.3546875 0.7359375 0.403125 0.80625 0.403125 0.80625 0.3546875
2 0.6 0.3703125 0.54375 0.3703125 0.54375 0.415625 0.6 0.415625 0.6 0.3703125
2 0.6546875 0.384375 0.5984375 0.384375 0.5984375 0.428125 0.6546875 0.428125 0.6546875 0.384375
2 0.715625 0.39375 0.6546875 0.39375 0.6546875 0.4375 0.715625 0.4375 0.715625 0.39375
2 0.778125 0.4046875 0.715625 0.4046875 0.715625 0.4484375 0.778125 0.4484375 0.778125 0.4046875
2 0.584375 0.415625 0.528125 0.415625 0.528125 0.4578125 0.584375 0.4578125 0.584375 0.415625
2 0.6375 0.4296875 0.584375 0.4296875 0.584375 0.471875 0.6375 0.471875 0.6375 0.4296875
2 0.69375 0.4375 0.640625 0.4375 0.640625 0.4828125 0.69375 0.4828125 0.69375 0.4375
2 0.7625 0.4515625 0.6984375 0.4515625 0.6984375 0.4984375 0.7625 0.4984375 0.7625 0.4515625
2 0.5640625 0.4578125 0.5140625 0.4578125 0.5140625 0.503125 0.5640625 0.503125 0.5640625 0.4578125
2 0.6203125 0.4703125 0.56875 0.4703125 0.56875 0.5140625 0.6203125 0.5140625 0.6203125 0.4703125
2 0.6828125 0.484375 0.6234375 0.484375 0.6234375 0.5296875 0.6828125 0.5296875 0.6828125 0.484375
2 0.7515625 0.496875 0.6828125 0.496875 0.6828125 0.5421875 0.7515625 0.5421875 0.7515625 0.496875
2 0.475 0.5234375 0.41875 0.5234375 0.41875 0.565625 0.475 0.565625 0.475 0.5234375
2 0.5125 0.5484375 0.4625 0.5484375 0.4625 0.5953125 0.5125 0.5953125 0.5125 0.5484375
2 0.5546875 0.5796875 0.5 0.5796875 0.5 0.625 0.5546875 0.625 0.5546875 0.5796875
2 0.6 0.609375 0.5453125 0.609375 0.5453125 0.653125 0.6 0.653125 0.6 0.609375
2 0.646875 0.6421875 0.590625 0.6421875 0.590625 0.6859375 0.646875 0.6859375 0.646875 0.6421875
2 0.4375 0.5515625 0.3859375 0.5515625 0.3859375 0.596875 0.4375 0.596875 0.4375 0.5515625
2 0.484375 0.58125 0.428125 0.58125 0.428125 0.6265625 0.484375 0.6265625 0.484375 0.58125
2 0.521875 0.609375 0.46875 0.609375 0.46875 0.6578125 0.521875 0.6578125 0.521875 0.609375
2 0.5640625 0.64375 0.5109375 0.64375 0.5109375 0.6859375 0.5640625 0.6859375 0.5640625 0.64375
2 0.609375 0.6734375 0.5546875 0.6734375 0.5546875 0.71875 0.609375 0.71875 0.609375 0.6734375
2 0.403125 0.584375 0.3484375 0.584375 0.3484375 0.625 0.403125 0.625 0.403125 0.584375
2 0.4453125 0.615625 0.39375 0.615625 0.39375 0.6578125 0.4453125 0.6578125 0.4453125 0.615625
2 0.4859375 0.64375 0.434375 0.64375 0.434375 0.6859375 0.4859375 0.6859375 0.4859375 0.64375
2 0.5328125 0.6765625 0.478125 0.6765625 0.478125 0.71875 0.5328125 0.71875 0.5328125 0.6765625
2 0.5703125 0.7046875 0.5171875 0.7046875 0.5171875 0.746875 0.5703125 0.746875 0.5703125 0.7046875
2 0.371875 0.6140625 0.325 0.6140625 0.325 0.6578125 0.371875 0.6578125 0.371875 0.6140625
2 0.415625 0.6453125 0.3625 0.6453125 0.3625 0.6890625 0.415625 0.6890625 0.415625 0.6453125
2 0.4515625 0.6765625 0.403125 0.6765625 0.403125 0.71875 0.4515625 0.71875 0.4515625 0.6765625
2 0.496875 0.7046875 0.4390625 0.7046875 0.4390625 0.7453125 0.496875 0.7453125 0.496875 0.7046875
2 0.54375 0.7359375 0.484375 0.7359375 0.484375 0.7796875 0.54375 0.7796875 0.54375 0.7359375