2 0.134375 0.190625 0.04375 0.190625 0.04375 0.2578125 0.134375 0.2578125 0.134375 0.190625
2 0.2296875 0.1890625 0.146875 0.1890625 0.146875 0.2546875 0.2296875 0.2546875 0.2296875 0.1890625
2 0.328125 0.1875 0.2375 0.1875 0.2375 0.2546875 0.328125 0.2546875 0.328125 0.1875
2 0.425 0.184375 0.3453125 0.184375 0.3453125 0.2515625 0.425 0.2515625 0.425 0.184375
2 0.14375 0.2671875 0.0625 0.2671875 0.0625 0.33125 0.14375 0.33125 0.14375 0.2671875
2 0.23125 0.265625 0.146875 0.265625 0.146875 0.3328125 0.23125 0.3328125 0.23125 0.265625
2 0.328125 0.2671875 0.2484375 0.2671875 0.2484375 0.328125 0.328125 0.328125 0.328125 0.2671875
2 0.4265625 0.2609375 0.346875 0.2609375 0.346875 0.328125 0.4265625 0.328125 0.4265625 0.2609375
2 0.1484375 0.34375 0.0640625 0.34375 0.0640625 0.4046875 0.1484375 0.4046875 0.1484375 0.34375
2 0.2390625 0.34375 0.1546875 0.34375 0.1546875 0.40625 0.2390625 0.40625 0.2390625 0.34375
2 0.334375 0.340625 0.2546875 0.340625 0.2546875 0.4046875 0.334375 0.4046875 0.334375 0.340625
2 0.4328125 0.334375 0.3359375 0.334375 0.3359375 0.4046875 0.4328125 0.4046875 0.4328125 0.334375
2 0.15625 0.4109375 0.0828125 0.4109375 0.0828125 0.4703125 0.15625 0.4703125 0.15625 0.4109375
2 0.2484375 0.4140625 0.1609375 0.4140625 0.1609375 0.475 0.2484375 0.475 0.2484375 0.4140625
2 0.3359375 0.4125 0.2625 0.4125 0.2625 0.475 0.3359375 0.475 0.3359375 0.4125
2 0.4375 0.4140625 0.35625 0.4140625 0.35625 0.475 0.4375 0.475 0.4375 0.4140625
2 0.1640625 0.48125 0.0859375 0.48125 0.0859375 0.5375 0.1640625 0.5375 0.1640625 0.48125
2 0.25 0.484375 0.1734375 0.484375 0.1734375 0.54375 0.25 0.54375 0.25 0.484375
2 0.340625 0.484375 0.2640625 0.484375 0.2640625 0.5484375 0.340625 0.5484375 0.340625 0.484375
2 0.4328125 0.4859375 0.35625 0.4859375 0.35625 0.5453125 0.4328125 0.5453125 0.4328125 0.4859375
2 0.678125 0.1859375 0.5875 0.1859375 0.5875 0.265625 0.678125 0.265625 0.678125 0.1859375
2 0.7765625 0.2109375 0.6859375 0.2109375 0.6859375 0.2828125 0.7765625 0.2828125 0.7765625 0.2109375
2 0.8734375 0.2328125 0.784375 0.2328125 0.784375 0.30625 0.8734375 0.30625 0.8734375 0.2328125
2 0.9875 0.25625 0.8859375 0.25625 0.8859375 0.328125 0.9875 0.328125 0.9875 0.25625
2 0.6515625 0.2734375 0.5578125 0.2734375 0.5578125 0.340625 0.6515625 0.340625 0.6515625 0.2734375
2 0.7484375 0.2953125 0.653125 0.2953125 0.653125 0.3625 0.7484375 0.3625 0.7484375 0.2953125
2 0.846875 0.315625 0.753125 0.315625 0.753125 0.3828125 0.846875 0.3828125 0.846875 0.315625
2 0.95625 0.3328125 0.85 0.3328125 0.85 0.4 0.95625 0.4 0.95625 0.3328125
2 0.6265625 0.3453125 0.5328125 0.3453125 0.5328125 0.409375 0.6265625 0.409375 0.6265625 0.3453125
2 0.715625 0.3703125 0.628125 0.3703125 0.628125 0.43125 0.715625 0.43125 0.715625 0.3703125
2 0.815625 0.3890625 0.7171875 0.3890625 0.7171875 0.45 0.815625 0.45 0.815625 0.3890625
2 0.9125 0.40625 0.81875 0.40625 0.81875 0.4734375 0.9125 0.4734375 0.9125 0.40625
2 0.5984375 0.41875 0.50625 0.41875 0.50625 0.4796875 0.5984375 0.4796875 0.5984375 0.41875
2 0.690625 0.4375 0.5984375 0.4375 0.5984375 0.5 0.690625 0.5 0.690625 0.4375
2 0.778125 0.459375 0.6890625 0.459375 0.6890625 0.5203125 0.778125 0.5203125 0.778125 0.459375
2 0.8796875 0.478125 0.7859375 0.478125 0.7859375 0.5421875 0.8796875 0.5421875 0.8796875 0.478125
2 0.5671875 0.484375 0.4828125 0.484375 0.4828125 0.55 0.5671875 0.55 0.5671875 0.484375
2 0.6578125 0.50625 0.575 0.50625 0.575 0.571875 0.6578125 0.571875 0.6578125 0.50625
2 0.75 0.5234375 0.665625 0.5234375 0.665625 0.590625 0.75 0.590625 0.75 0.5234375
2 0.85 0.5421875 0.7578125 0.5421875 0.7578125 0.6109375 0.85 0.6109375 0.85 0.5421875
2 0.4140625 0.58125 0.3296875 0.58125 0.3296875 0.64375 0.4140625 0.64375 0.4140625 0.58125
2 0.484375 0.625 0.4015625 0.625 0.4015625 0.6859375 0.484375 0.6859375 0.484375 0.625
2 0.55625 0.665625 0.4703125 0.665625 0.4703125 0.725 0.55625 0.725 0.55625 0.665625
2 0.6234375 0.70625 0.540625 0.70625 0.540625 0.7671875 0.6234375 0.7671875 0.6234375 0.70625
2 0.6921875 0.746875 0.6109375 0.746875 0.6109375 0.809375 0.6921875 0.809375 0.6921875 0.746875
2 0.3609375 0.628125 0.2765625 0.628125 0.2765625 0.6921875 0.3609375 0.6921875 0.3609375 0.628125
2 0.434375 0.6703125 0.35 0.6703125 0.35 0.73125 0.434375 0.73125 0.434375 0.6703125
2 0.4984375 0.709375 0.4203125 0.709375 0.4203125 0.7734375 0.4984375 0.7734375 0.4984375 0.709375
2 0.565625 0.75 0.4890625 0.75 0.4890625 0.8109375 0.565625 0.8109375 0.565625 0.75
2 0.6375 0.790625 0.55625 0.790625 0.55625 0.85 0.6375 0.85 0.6375 0.790625
2 0.3125 0.6734375 0.2265625 0.6734375 0.2265625 0.734375 0.3125 0.734375 0.3125 0.6734375
2 0.3765625 0.71875 0.2984375 0.71875 0.2984375 0.7765625 0.3765625 0.7765625 0.3765625 0.71875
2 0.4453125 0.7546875 0.3671875 0.7546875 0.3671875 0.8140625 0.4453125 0.8140625 0.4453125 0.7546875
2 0.51875 0.796875 0.4375 0.796875 0.4375 0.8515625 0.51875 0.8515625 0.51875 0.796875
2 0.5890625 0.8375 0.4984375 0.8375 0.4984375 0.8890625 0.5890625 0.8890625 0.5890625 0.8375
2 0.259375 0.7203125 0.18125 0.7203125 0.18125 0.7765625 0.259375 0.7765625 0.259375 0.7203125
2 0.3265625 0.7578125 0.25 0.7578125 0.25 0.8203125 0.3265625 0.8203125 0.3265625 0.7578125
2 0.39375 0.8 0.3171875 0.8 0.3171875 0.85625 0.39375 0.85625 0.39375 0.8
2 0.4640625 0.8390625 0.384375 0.8390625 0.384375 0.89375 0.4640625 0.89375 0.4640625 0.8390625
2 0.5328125 0.878125 0.4515625 0.878125 0.4515625 0.9328125 0.5328125 0.9328125 0.5328125 0.878125