2 0.4984375 0.2703125 0.453125 0.2703125 0.453125 0.3046875 0.4984375 0.3046875 0.4984375 0.2703125
2 0.5390625 0.2703125 0.4984375 0.2703125 0.4984375 0.3015625 0.5390625 0.3015625 0.5390625 0.2703125
2 0.584375 0.26875 0.54375 0.26875 0.54375 0.3 0.584375 0.3 0.584375 0.26875
2 0.6328125 0.265625 0.5890625 0.265625 0.5890625 0.2984375 0.6328125 0.2984375 0.6328125 0.265625
2 0.4984375 0.309375 0.459375 0.309375 0.459375 0.3390625 0.4984375 0.3390625 0.4984375 0.309375
2 0.5390625 0.3109375 0.5 0.3109375 0.5 0.3390625 0.5390625 0.3390625 0.5390625 0.3109375
2 0.584375 0.3078125 0.5484375 0.3078125 0.5484375 0.3390625 0.584375 0.3390625 0.584375 0.3078125
2 0.6296875 0.303125 0.590625 0.303125 0.590625 0.3375 0.6296875 0.3375 0.6296875 0.303125
2 0.4984375 0.3453125 0.4625 0.3453125 0.4625 0.375 0.4984375 0.375 0.4984375 0.3453125
2 0.4984375 0.3796875 0.4625 0.3796875 0.4625 0.409375 0.4984375 0.409375 0.4984375 0.3796875
2 0.5 0.4140625 0.465625 0.4140625 0.465625 0.44375 0.5 0.44375 0.5 0.4140625
2 0.5390625 0.3453125 0.503125 0.3453125 0.503125 0.375 0.5390625 0.375 0.5390625 0.3453125
2 0.5859375 0.3453125 0.546875 0.3453125 0.546875 0.3734375 0.5859375 0.3734375 0.5859375 0.3453125
2 0.63125 0.3421875 0.59375 0.3421875 0.59375 0.371875 0.63125 0.371875 0.63125 0.3421875
2 0.5421875 0.38125 0.50625 0.38125 0.50625 0.409375 0.5421875 0.409375 0.5421875 0.38125
2 0.5859375 0.3796875 0.546875 0.3796875 0.546875 0.409375 0.5859375 0.409375 0.5859375 0.3796875
2 0.6296875 0.3796875 0.5921875 0.3796875 0.5921875 0.4078125 0.6296875 0.4078125 0.6296875 0.3796875
2 0.540625 0.415625 0.5046875 0.415625 0.5046875 0.44375 0.540625 0.44375 0.540625 0.415625
2 0.5859375 0.4140625 0.5484375 0.4140625 0.5484375 0.44375 0.5859375 0.44375 0.5859375 0.4140625
2 0.63125 0.415625 0.5921875 0.415625 0.5921875 0.4453125 0.63125 0.4453125 0.63125 0.415625
2 0.753125 0.2640625 0.709375 0.2640625 0.709375 0.3 0.753125 0.3 0.753125 0.2640625
2 0.8046875 0.271875 0.7578125 0.271875 0.7578125 0.309375 0.8046875 0.309375 0.8046875 0.271875
2 0.85625 0.2796875 0.809375 0.2796875 0.809375 0.315625 0.85625 0.315625 0.85625 0.2796875
2 0.909375 0.2875 0.8609375 0.2875 0.8609375 0.3265625 0.909375 0.3265625 0.909375 0.2875
2 0.7421875 0.3046875 0.696875 0.3046875 0.696875 0.3359375 0.7421875 0.3359375 0.7421875 0.3046875
2 0.790625 0.3125 0.7453125 0.3125 0.7453125 0.3484375 0.790625 0.3484375 0.790625 0.3125
2 0.840625 0.321875 0.7953125 0.321875 0.7953125 0.3546875 0.840625 0.3546875 0.840625 0.321875
2 0.8953125 0.3296875 0.84375 0.3296875 0.84375 0.3640625 0.8953125 0.3640625 0.8953125 0.3296875
2 0.7265625 0.340625 0.6828125 0.340625 0.6828125 0.375 0.7265625 0.375 0.7265625 0.340625
2 0.7734375 0.3515625 0.7296875 0.3515625 0.7296875 0.3828125 0.7734375 0.3828125 0.7734375 0.3515625
2 0.825 0.3609375 0.7765625 0.3609375 0.7765625 0.3921875 0.825 0.3921875 0.825 0.3609375
2 0.878125 0.36875 0.8296875 0.36875 0.8296875 0.403125 0.878125 0.403125 0.878125 0.36875
2 0.7140625 0.378125 0.6703125 0.378125 0.6703125 0.4109375 0.7140625 0.4109375 0.7140625 0.378125
2 0.7625 0.3875 0.7171875 0.3875 0.7171875 0.4203125 0.7625 0.4203125 0.7625 0.3875
2 0.8125 0.3984375 0.765625 0.3984375 0.765625 0.43125 0.8125 0.43125 0.8125 0.3984375
2 0.865625 0.4078125 0.815625 0.4078125 0.815625 0.440625 0.865625 0.440625 0.865625 0.4078125
2 0.7015625 0.415625 0.6578125 0.415625 0.6578125 0.446875 0.7015625 0.446875 0.7015625 0.415625
2 0.746875 0.4234375 0.703125 0.4234375 0.703125 0.45625 0.746875 0.45625 0.746875 0.4234375
2 0.7953125 0.434375 0.7515625 0.434375 0.7515625 0.4671875 0.7953125 0.4671875 0.7953125 0.434375
2 0.846875 0.4453125 0.8015625 0.4453125 0.8015625 0.478125 0.846875 0.478125 0.846875 0.4453125
2 0.621875 0.4640625 0.5796875 0.4640625 0.5796875 0.4984375 0.621875 0.4984375 0.621875 0.4640625
2 0.65625 0.490625 0.6171875 0.490625 0.6171875 0.5234375 0.65625 0.5234375 0.65625 0.490625
2 0.6921875 0.5109375 0.65 0.5109375 0.65 0.5453125 0.6921875 0.5453125 0.6921875 0.5109375
2 0.73125 0.5375 0.6859375 0.5375 0.6859375 0.5703125 0.73125 0.5703125 0.73125 0.5375
2 0.771875 0.559375 0.721875 0.559375 0.721875 0.5953125 0.771875 0.5953125 0.771875 0.559375
2 0.5953125 0.490625 0.55 0.490625 0.55 0.5265625 0.5953125 0.5265625 0.5953125 0.490625
2 0.63125 0.515625 0.5875 0.515625 0.5875 0.5484375 0.63125 0.5484375 0.63125 0.515625
2 0.665625 0.5390625 0.621875 0.5390625 0.621875 0.571875 0.665625 0.571875 0.665625 0.5390625
2 0.7015625 0.5640625 0.65625 0.5640625 0.65625 0.59375 0.7015625 0.59375 0.7015625 0.5640625
2 0.740625 0.584375 0.6921875 0.584375 0.6921875 0.621875 0.740625 0.621875 0.740625 0.584375
2 0.56875 0.515625 0.525 0.515625 0.525 0.55 0.56875 0.55 0.56875 0.515625
2 0.6 0.540625 0.5609375 0.540625 0.5609375 0.5734375 0.6 0.5734375 0.6 0.540625
2 0.6375 0.5640625 0.59375 0.5640625 0.59375 0.596875 0.6375 0.596875 0.6375 0.5640625
2 0.6703125 0.5890625 0.63125 0.5890625 0.63125 0.6203125 0.6703125 0.6203125 0.6703125 0.5890625
2 0.7125 0.6125 0.6625 0.6125 0.6625 0.6453125 0.7125 0.6453125 0.7125 0.6125
2 0.540625 0.540625 0.4953125 0.540625 0.4953125 0.5765625 0.540625 0.5765625 0.540625 0.540625
2 0.578125 0.565625 0.5328125 0.565625 0.5328125 0.6 0.578125 0.6 0.578125 0.565625
2 0.609375 0.5875 0.565625 0.5875 0.565625 0.6234375 0.609375 0.6234375 0.609375 0.5875
2 0.6453125 0.6140625 0.6015625 0.6140625 0.6015625 0.646875 0.6453125 0.646875 0.6453125 0.6140625
2 0.684375 0.6375 0.6359375 0.6375 0.6359375 0.6703125 0.684375 0.6703125 0.684375 0.6375