2 0.30625 0.3046875 0.2484375 0.3046875 0.2484375 0.3453125 0.30625 0.3453125 0.30625 0.3046875
2 0.3609375 0.303125 0.3109375 0.303125 0.3109375 0.3453125 0.3609375 0.3453125 0.3609375 0.303125
2 0.4203125 0.3046875 0.36875 0.3046875 0.36875 0.34375 0.4203125 0.34375 0.4203125 0.3046875
2 0.48125 0.303125 0.428125 0.303125 0.428125 0.34375 0.48125 0.34375 0.48125 0.303125
2 0.3046875 0.3515625 0.2578125 0.3515625 0.2578125 0.390625 0.3046875 0.390625 0.3046875 0.3515625
2 0.3640625 0.3515625 0.309375 0.3515625 0.309375 0.3875 0.3640625 0.3875 0.3640625 0.3515625
2 0.41875 0.3515625 0.3703125 0.3515625 0.3703125 0.3890625 0.41875 0.3890625 0.41875 0.3515625
2 0.478125 0.3515625 0.43125 0.3515625 0.43125 0.3875 0.478125 0.3875 0.478125 0.3515625
2 0.30625 0.396875 0.259375 0.396875 0.259375 0.4328125 0.30625 0.4328125 0.30625 0.396875
2 0.3609375 0.39375 0.3125 0.39375 0.3125 0.4296875 0.3609375 0.4296875 0.3609375 0.39375
2 0.41875 0.3953125 0.36875 0.3953125 0.36875 0.4328125 0.41875 0.4328125 0.41875 0.3953125
2 0.4765625 0.39375 0.4328125 0.39375 0.4328125 0.43125 0.4765625 0.43125 0.4765625 0.39375
2 0.3046875 0.4375 0.25625 0.4375 0.25625 0.4765625 0.3046875 0.4765625 0.3046875 0.4375
2 0.3640625 0.4328125 0.3109375 0.4328125 0.3109375 0.4765625 0.3640625 0.4765625 0.3640625 0.4328125
2 0.4203125 0.4390625 0.36875 0.4390625 0.36875 0.4765625 0.4203125 0.4765625 0.4203125 0.4390625
2 0.4796875 0.4390625 0.43125 0.4390625 0.43125 0.475 0.4796875 0.475 0.4796875 0.4390625
2 0.3046875 0.4796875 0.25625 0.4796875 0.25625 0.51875 0.3046875 0.51875 0.3046875 0.4796875
2 0.3625 0.4828125 0.3171875 0.4828125 0.3171875 0.5203125 0.3625 0.5203125 0.3625 0.4828125
2 0.421875 0.4828125 0.3703125 0.4828125 0.3703125 0.521875 0.421875 0.521875 0.421875 0.4828125
2 0.4796875 0.4828125 0.43125 0.4828125 0.43125 0.5234375 0.4796875 0.5234375 0.4796875 0.4828125
2 0.625 0.3078125 0.575 0.3078125 0.575 0.353125 0.625 0.353125 0.625 0.3078125
2 0.684375 0.31875 0.6328125 0.31875 0.6328125 0.3625 0.684375 0.3625 0.684375 0.31875
2 0.740625 0.33125 0.6890625 0.33125 0.6890625 0.371875 0.740625 0.371875 0.740625 0.33125
2 0.80625 0.340625 0.746875 0.340625 0.746875 0.3828125 0.80625 0.3828125 0.80625 0.340625
2 0.6125 0.353125 0.559375 0.353125 0.559375 0.3921875 0.6125 0.3921875 0.6125 0.353125
2 0.6703125 0.365625 0.6140625 0.365625 0.6140625 0.4046875 0.6703125 0.4046875 0.6703125 0.365625
2 0.7265625 0.3765625 0.6734375 0.3765625 0.6734375 0.4171875 0.7265625 0.4171875 0.7265625 0.3765625
2 0.7859375 0.3828125 0.73125 0.3828125 0.73125 0.428125 0.7859375 0.428125 0.7859375 0.3828125
2 0.5953125 0.396875 0.540625 0.396875 0.540625 0.4359375 0.5953125 0.4359375 0.5953125 0.396875
2 0.653125 0.4078125 0.596875 0.4078125 0.596875 0.4484375 0.653125 0.4484375 0.653125 0.4078125
2 0.7140625 0.41875 0.65625 0.41875 0.65625 0.459375 0.7140625 0.459375 0.7140625 0.41875
2 0.771875 0.43125 0.7171875 0.43125 0.7171875 0.471875 0.771875 0.471875 0.771875 0.43125
2 0.5796875 0.4390625 0.525 0.4390625 0.525 0.478125 0.5796875 0.478125 0.5796875 0.4390625
2 0.6359375 0.453125 0.584375 0.453125 0.584375 0.490625 0.6359375 0.490625 0.6359375 0.453125
2 0.696875 0.4640625 0.640625 0.4640625 0.640625 0.503125 0.696875 0.503125 0.696875 0.4640625
2 0.753125 0.4734375 0.7 0.4734375 0.7 0.515625 0.753125 0.515625 0.753125 0.4734375
2 0.565625 0.48125 0.5109375 0.48125 0.5109375 0.5234375 0.565625 0.5234375 0.565625 0.48125
2 0.621875 0.4921875 0.56875 0.4921875 0.56875 0.5359375 0.621875 0.5359375 0.621875 0.4921875
2 0.68125 0.50625 0.6265625 0.50625 0.6265625 0.5484375 0.68125 0.5484375 0.68125 0.50625
2 0.740625 0.515625 0.684375 0.515625 0.684375 0.5609375 0.740625 0.5609375 0.740625 0.515625
2 0.46875 0.5453125 0.4078125 0.5453125 0.4078125 0.5890625 0.46875 0.5890625 0.46875 0.5453125
2 0.5109375 0.5734375 0.4578125 0.5734375 0.4578125 0.6140625 0.5109375 0.6140625 0.5109375 0.5734375
2 0.55625 0.6015625 0.5015625 0.6015625 0.5015625 0.64375 0.55625 0.64375 0.55625 0.6015625
2 0.6 0.63125 0.546875 0.63125 0.546875 0.671875 0.6 0.671875 0.6 0.63125
2 0.653125 0.6578125 0.59375 0.6578125 0.59375 0.703125 0.653125 0.703125 0.653125 0.6578125
2 0.428125 0.5796875 0.3734375 0.5796875 0.3734375 0.6203125 0.428125 0.6203125 0.428125 0.5796875
2 0.471875 0.609375 0.4203125 0.609375 0.4203125 0.65 0.471875 0.65 0.471875 0.609375
2 0.51875 0.634375 0.4671875 0.634375 0.4671875 0.6765625 0.51875 0.6765625 0.51875 0.634375
2 0.565625 0.6640625 0.5109375 0.6640625 0.5109375 0.70625 0.565625 0.70625 0.565625 0.6640625
2 0.6203125 0.6921875 0.5578125 0.6921875 0.5578125 0.7359375 0.6203125 0.7359375 0.6203125 0.6921875
2 0.3921875 0.6125 0.3390625 0.6125 0.3390625 0.6546875 0.3921875 0.6546875 0.3921875 0.6125
2 0.4390625 0.64375 0.3828125 0.64375 0.3828125 0.684375 0.4390625 0.684375 0.4390625 0.64375
2 0.484375 0.66875 0.428125 0.66875 0.428125 0.7109375 0.484375 0.7109375 0.484375 0.66875
2 0.528125 0.6984375 0.4734375 0.6984375 0.4734375 0.7375 0.528125 0.7375 0.528125 0.6984375
2 0.578125 0.7265625 0.5171875 0.7265625 0.5171875 0.7671875 0.578125 0.7671875 0.578125 0.7265625
2 0.35625 0.646875 0.2953125 0.646875 0.2953125 0.6859375 0.35625 0.6859375 0.35625 0.646875
2 0.4015625 0.675 0.3484375 0.675 0.3484375 0.715625 0.4015625 0.715625 0.4015625 0.675
2 0.44375 0.7046875 0.3921875 0.7046875 0.3921875 0.74375 0.44375 0.74375 0.44375 0.7046875
2 0.496875 0.734375 0.4390625 0.734375 0.4390625 0.7734375 0.496875 0.7734375 0.496875 0.734375
2 0.540625 0.759375 0.484375 0.759375 0.484375 0.8 0.540625 0.8 0.540625 0.759375