2 0.14375 0.11875 0.0484375 0.11875 0.0484375 0.19375 0.14375 0.19375 0.14375 0.11875
2 0.234375 0.115625 0.153125 0.115625 0.153125 0.19375 0.234375 0.19375 0.234375 0.115625
2 0.328125 0.1203125 0.25 0.1203125 0.25 0.1890625 0.328125 0.1890625 0.328125 0.1203125
2 0.421875 0.115625 0.3453125 0.115625 0.3453125 0.1890625 0.421875 0.1890625 0.421875 0.115625
2 0.1375 0.1953125 0.0640625 0.1953125 0.0640625 0.2609375 0.1375 0.2609375 0.1375 0.1953125
2 0.234375 0.2 0.153125 0.2 0.153125 0.2625 0.234375 0.2625 0.234375 0.2
2 0.33125 0.2 0.246875 0.2 0.246875 0.2625 0.33125 0.2625 0.33125 0.2
2 0.428125 0.2 0.3453125 0.2 0.3453125 0.2640625 0.428125 0.2640625 0.428125 0.2
2 0.1421875 0.271875 0.0609375 0.271875 0.0609375 0.3359375 0.1421875 0.3359375 0.1421875 0.271875
2 0.2390625 0.2734375 0.1578125 0.2734375 0.1578125 0.3328125 0.2390625 0.3328125 0.2390625 0.2734375
2 0.3375 0.271875 0.2546875 0.271875 0.2546875 0.334375 0.3375 0.334375 0.3375 0.271875
2 0.4265625 0.2703125 0.3515625 0.2703125 0.3515625 0.334375 0.4265625 0.334375 0.4265625 0.2703125
2 0.15 0.3453125 0.0640625 0.3453125 0.0640625 0.4078125 0.15 0.4078125 0.15 0.3453125
2 0.146875 0.4140625 0.0640625 0.4140625 0.0640625 0.475 0.146875 0.475 0.146875 0.4140625
2 0.2359375 0.3421875 0.15625 0.3421875 0.15625 0.40625 0.2359375 0.40625 0.2359375 0.3421875
2 0.3390625 0.3484375 0.25 0.3484375 0.25 0.4125 0.3390625 0.4125 0.3390625 0.3484375
2 0.4296875 0.3453125 0.3484375 0.3453125 0.3484375 0.4078125 0.4296875 0.4078125 0.4296875 0.3453125
2 0.234375 0.4140625 0.1546875 0.4140625 0.1546875 0.48125 0.234375 0.48125 0.234375 0.4140625
2 0.334375 0.41875 0.2515625 0.41875 0.2515625 0.4796875 0.334375 0.4796875 0.334375 0.41875
2 0.4296875 0.415625 0.3453125 0.415625 0.3453125 0.4796875 0.4296875 0.4796875 0.4296875 0.415625
2 0.66875 0.121875 0.575 0.121875 0.575 0.2 0.66875 0.2 0.66875 0.121875
2 0.7578125 0.15 0.671875 0.15 0.671875 0.215625 0.7578125 0.215625 0.7578125 0.15
2 0.853125 0.165625 0.7625 0.165625 0.7625 0.2375 0.853125 0.2375 0.853125 0.165625
2 0.95625 0.184375 0.8578125 0.184375 0.8578125 0.2515625 0.95625 0.2515625 0.95625 0.184375
2 0.6390625 0.2 0.553125 0.2 0.553125 0.2671875 0.6390625 0.2671875 0.6390625 0.2
2 0.73125 0.221875 0.64375 0.221875 0.64375 0.2875 0.73125 0.2875 0.73125 0.221875
2 0.825 0.2375 0.740625 0.2375 0.740625 0.30625 0.825 0.30625 0.825 0.2375
2 0.925 0.2546875 0.83125 0.2546875 0.83125 0.33125 0.925 0.33125 0.925 0.2546875
2 0.6109375 0.2703125 0.5203125 0.2703125 0.5203125 0.3421875 0.6109375 0.3421875 0.6109375 0.2703125
2 0.70625 0.2890625 0.6203125 0.2890625 0.6203125 0.3609375 0.70625 0.3609375 0.70625 0.2890625
2 0.8 0.309375 0.7171875 0.309375 0.7171875 0.3765625 0.8 0.3765625 0.8 0.309375
2 0.9046875 0.3265625 0.8078125 0.3265625 0.8078125 0.3984375 0.9046875 0.3984375 0.9046875 0.3265625
2 0.5890625 0.34375 0.4953125 0.34375 0.4953125 0.4109375 0.5890625 0.4109375 0.5890625 0.34375
2 0.6828125 0.3609375 0.5921875 0.3609375 0.5921875 0.4265625 0.6828125 0.4265625 0.6828125 0.3609375
2 0.771875 0.378125 0.6859375 0.378125 0.6859375 0.4484375 0.771875 0.4484375 0.771875 0.378125
2 0.8703125 0.4046875 0.784375 0.4046875 0.784375 0.465625 0.8703125 0.465625 0.8703125 0.4046875
2 0.5640625 0.4171875 0.4671875 0.4171875 0.4671875 0.48125 0.5640625 0.48125 0.5640625 0.4171875
2 0.6578125 0.4328125 0.571875 0.4328125 0.571875 0.4984375 0.6578125 0.4984375 0.6578125 0.4328125
2 0.75 0.4515625 0.6640625 0.4515625 0.6640625 0.5171875 0.75 0.5171875 0.75 0.4515625
2 0.8453125 0.471875 0.75625 0.471875 0.75625 0.5421875 0.8453125 0.5421875 0.8453125 0.471875
2 0.409375 0.509375 0.315625 0.509375 0.315625 0.5875 0.409375 0.5875 0.409375 0.509375
2 0.346875 0.5671875 0.259375 0.5671875 0.259375 0.640625 0.346875 0.640625 0.346875 0.5671875
2 0.2953125 0.61875 0.2046875 0.61875 0.2046875 0.6953125 0.2953125 0.6953125 0.2953125 0.61875
2 0.234375 0.671875 0.14375 0.671875 0.14375 0.746875 0.234375 0.746875 0.234375 0.671875
2 0.4765625 0.5640625 0.390625 0.5640625 0.390625 0.6328125 0.4765625 0.6328125 0.4765625 0.5640625
2 0.553125 0.6046875 0.4640625 0.6046875 0.4640625 0.675 0.553125 0.675 0.553125 0.6046875
2 0.6265625 0.6546875 0.5390625 0.6546875 0.5390625 0.71875 0.6265625 0.71875 0.6265625 0.6546875
2 0.703125 0.6953125 0.6140625 0.6953125 0.6140625 0.7640625 0.703125 0.7640625 0.703125 0.6953125
2 0.4234375 0.61875 0.3359375 0.61875 0.3359375 0.684375 0.4234375 0.684375 0.4234375 0.61875
2 0.3640625 0.6734375 0.278125 0.6734375 0.278125 0.7359375 0.3640625 0.7359375 0.3640625 0.6734375
2 0.30625 0.725 0.221875 0.725 0.221875 0.7921875 0.30625 0.7921875 0.30625 0.725
2 0.496875 0.6625 0.40625 0.6625 0.40625 0.7265625 0.496875 0.7265625 0.496875 0.6625
2 0.440625 0.715625 0.353125 0.715625 0.353125 0.7828125 0.440625 0.7828125 0.440625 0.715625
2 0.378125 0.771875 0.290625 0.771875 0.290625 0.8359375 0.378125 0.8359375 0.378125 0.771875
2 0.4515625 0.8078125 0.3625 0.8078125 0.3625 0.8796875 0.4515625 0.8796875 0.4515625 0.8078125
2 0.5203125 0.85 0.434375 0.85 0.434375 0.9234375 0.5203125 0.9234375 0.5203125 0.85
2 0.509375 0.759375 0.428125 0.759375 0.428125 0.8265625 0.509375 0.8265625 0.509375 0.759375
2 0.5671875 0.70625 0.478125 0.70625 0.478125 0.771875 0.5671875 0.771875 0.5671875 0.70625
2 0.6421875 0.7484375 0.55625 0.7484375 0.55625 0.815625 0.6421875 0.815625 0.6421875 0.7484375
2 0.584375 0.803125 0.496875 0.803125 0.496875 0.8703125 0.584375 0.8703125 0.584375 0.803125