2 0.23125 0.1109375 0.1484375 0.1109375 0.1484375 0.18125 0.23125 0.18125 0.23125 0.1109375
2 0.321875 0.1296875 0.2390625 0.1296875 0.2390625 0.1984375 0.321875 0.1984375 0.321875 0.1296875
2 0.4140625 0.1453125 0.328125 0.1453125 0.328125 0.2078125 0.4140625 0.2078125 0.4140625 0.1453125
2 0.5078125 0.1578125 0.4203125 0.1578125 0.4203125 0.221875 0.5078125 0.221875 0.5078125 0.1578125
2 0.2140625 0.1875 0.1328125 0.1875 0.1328125 0.25 0.2140625 0.25 0.2140625 0.1875
2 0.2984375 0.2046875 0.2234375 0.2046875 0.2234375 0.2609375 0.2984375 0.2609375 0.2984375 0.2046875
2 0.39375 0.21875 0.3125 0.21875 0.3125 0.2734375 0.39375 0.2734375 0.39375 0.21875
2 0.4875 0.228125 0.403125 0.228125 0.403125 0.2890625 0.4875 0.2890625 0.4875 0.228125
2 0.196875 0.259375 0.109375 0.259375 0.109375 0.3171875 0.196875 0.3171875 0.196875 0.259375
2 0.28125 0.2734375 0.2078125 0.2734375 0.2078125 0.33125 0.28125 0.33125 0.28125 0.2734375
2 0.3765625 0.2828125 0.29375 0.2828125 0.29375 0.3453125 0.3765625 0.3453125 0.3765625 0.2828125
2 0.4734375 0.3 0.3875 0.3 0.3875 0.359375 0.4734375 0.359375 0.4734375 0.3
2 0.175 0.325 0.0984375 0.325 0.0984375 0.3875 0.175 0.3875 0.175 0.325
2 0.265625 0.340625 0.1859375 0.340625 0.1859375 0.4 0.265625 0.4 0.265625 0.340625
2 0.3546875 0.353125 0.2765625 0.353125 0.2765625 0.4140625 0.3546875 0.4140625 0.3546875 0.353125
2 0.4484375 0.3671875 0.365625 0.3671875 0.365625 0.4265625 0.4484375 0.4265625 0.4484375 0.3671875
2 0.1609375 0.3953125 0.078125 0.3953125 0.078125 0.453125 0.1609375 0.453125 0.1609375 0.3953125
2 0.246875 0.409375 0.16875 0.409375 0.16875 0.4640625 0.246875 0.4640625 0.246875 0.409375
2 0.3328125 0.421875 0.259375 0.421875 0.259375 0.4796875 0.3328125 0.4796875 0.3328125 0.421875
2 0.428125 0.4375 0.3546875 0.4375 0.3546875 0.4984375 0.428125 0.4984375 0.428125 0.4375
2 0.73125 0.2 0.6484375 0.2 0.6484375 0.2671875 0.73125 0.2671875 0.73125 0.2
2 0.8171875 0.2359375 0.7296875 0.2359375 0.7296875 0.296875 0.8171875 0.296875 0.8171875 0.2359375
2 0.9 0.2609375 0.815625 0.2609375 0.815625 0.33125 0.9 0.33125 0.9 0.2609375
2 0.9875 0.2921875 0.9015625 0.2921875 0.9015625 0.3625 0.9875 0.3625 0.9875 0.2921875
2 0.6921875 0.2640625 0.6015625 0.2640625 0.6015625 0.328125 0.6921875 0.328125 0.6921875 0.2640625
2 0.778125 0.2984375 0.6875 0.2984375 0.6875 0.359375 0.778125 0.359375 0.778125 0.2984375
2 0.859375 0.328125 0.775 0.328125 0.775 0.3921875 0.859375 0.3921875 0.859375 0.328125
2 0.9515625 0.359375 0.859375 0.359375 0.859375 0.425 0.9515625 0.425 0.9515625 0.359375
2 0.6453125 0.3296875 0.559375 0.3296875 0.559375 0.39375 0.6453125 0.39375 0.6453125 0.3296875
2 0.73125 0.359375 0.646875 0.359375 0.646875 0.4234375 0.73125 0.4234375 0.73125 0.359375
2 0.8140625 0.3921875 0.73125 0.3921875 0.73125 0.4546875 0.8140625 0.4546875 0.8140625 0.3921875
2 0.903125 0.425 0.8171875 0.425 0.8171875 0.4875 0.903125 0.4875 0.903125 0.425
2 0.60625 0.3921875 0.51875 0.3921875 0.51875 0.45625 0.60625 0.45625 0.60625 0.3921875
2 0.6875 0.4203125 0.6046875 0.4203125 0.6046875 0.4859375 0.6875 0.4859375 0.6875 0.4203125
2 0.771875 0.453125 0.6875 0.453125 0.6875 0.51875 0.771875 0.51875 0.771875 0.453125
2 0.859375 0.484375 0.7703125 0.484375 0.7703125 0.5484375 0.859375 0.5484375 0.859375 0.484375
2 0.5609375 0.4515625 0.475 0.4515625 0.475 0.515625 0.5609375 0.515625 0.5609375 0.4515625
2 0.6421875 0.4875 0.5640625 0.4875 0.5640625 0.5515625 0.6421875 0.5515625 0.6421875 0.4875
2 0.728125 0.5203125 0.6453125 0.5203125 0.6453125 0.5796875 0.728125 0.5796875 0.728125 0.5203125
2 0.8171875 0.5484375 0.728125 0.5484375 0.728125 0.615625 0.8171875 0.615625 0.8171875 0.5484375
2 0.3796875 0.53125 0.2984375 0.53125 0.2984375 0.5953125 0.3796875 0.5953125 0.3796875 0.53125
2 0.4375 0.5859375 0.353125 0.5859375 0.353125 0.65 0.4375 0.65 0.4375 0.5859375
2 0.4953125 0.6390625 0.4109375 0.6390625 0.4109375 0.7015625 0.4953125 0.7015625 0.4953125 0.6390625
2 0.5546875 0.69375 0.46875 0.69375 0.46875 0.7578125 0.5546875 0.7578125 0.5546875 0.69375
2 0.6171875 0.7484375 0.5296875 0.7484375 0.5296875 0.8125 0.6171875 0.8125 0.6171875 0.7484375
2 0.3078125 0.5703125 0.221875 0.5703125 0.221875 0.6390625 0.3078125 0.6390625 0.3078125 0.5703125
2 0.3671875 0.63125 0.2828125 0.63125 0.2828125 0.6953125 0.3671875 0.6953125 0.3671875 0.63125
2 0.428125 0.68125 0.34375 0.68125 0.34375 0.7453125 0.428125 0.7453125 0.428125 0.68125
2 0.4859375 0.734375 0.4 0.734375 0.4 0.8015625 0.4859375 0.8015625 0.4859375 0.734375
2 0.55 0.7921875 0.4609375 0.7921875 0.4609375 0.85625 0.55 0.85625 0.55 0.7921875
2 0.2390625 0.615625 0.15 0.615625 0.15 0.6828125 0.2390625 0.6828125 0.2390625 0.615625
2 0.2984375 0.6734375 0.2140625 0.6734375 0.2140625 0.7375 0.2984375 0.7375 0.2984375 0.6734375
2 0.353125 0.7265625 0.26875 0.7265625 0.26875 0.7875 0.353125 0.7875 0.353125 0.7265625
2 0.4125 0.7796875 0.328125 0.7796875 0.328125 0.84375 0.4125 0.84375 0.4125 0.7796875
2 0.475 0.834375 0.3875 0.834375 0.3875 0.896875 0.475 0.896875 0.475 0.834375
2 0.1703125 0.6625 0.0828125 0.6625 0.0828125 0.725 0.1703125 0.725 0.1703125 0.6625
2 0.2265625 0.7125 0.1421875 0.7125 0.1421875 0.78125 0.2265625 0.78125 0.2265625 0.7125
2 0.284375 0.7703125 0.1984375 0.7703125 0.1984375 0.8328125 0.284375 0.8328125 0.284375 0.7703125
2 0.3453125 0.825 0.259375 0.825 0.259375 0.8875 0.3453125 0.8875 0.3453125 0.825
2 0.4046875 0.8765625 0.3203125 0.8765625 0.3203125 0.94375 0.4046875 0.94375 0.4046875 0.8765625