0 0.5921875 0.36875 0.1546875 0.06875
1 0.49609375 0.39609375 0.1921875 0.1421875
0 0.7015625 0.0875 0.121875 0.02265625
0 0.67734375 0.11015625 0.0734375 0.028125
0 0.684375 0.12421875 0.075 0.01875
0 0.66875 0.1421875 0.07890625 0.0296875
0 0.68046875 0.15859375 0.08984375 0.028125
0 0.6875 0.17421875 0.10546875 0.02734375
0 0.70859375 0.18515625 0.078125 0.01796875
0 0.7265625 0.2 0.0953125 0.01796875
0 0.715625 0.21875 0.0953125 0.02109375
0 0.69609375 0.31171875 0.07890625 0.028125
0 0.68828125 0.290625 0.075 0.021875
0 0.68359375 0.2734375 0.07421875 0.025
0 0.6921875 0.2296875 0.1015625 0.021875
0 0.70390625 0.24609375 0.1203125 0.021875
0 0.7125 0.26171875 0.134375 0.02265625