0 0.82578125 0.21875 0.16796875 0.05546875
0 0.84921875 0.24921875 0.23203125 0.0578125
0 0.8015625 0.3046875 0.1109375 0.03359375
0 0.80078125 0.3375 0.1015625 0.03359375
0 0.7984375 0.3625 0.11640625 0.059375
0 0.8078125 0.38125 0.16484375 0.0609375
0 0.80390625 0.425 0.13671875 0.059375
0 0.79609375 0.48828125 0.128125 0.07890625
0 0.8296875 0.86953125 0.2046875 0.1015625
0 0.80234375 0.70390625 0.128125 0.04609375
0 0.80625 0.55 0.13046875 0.0625
0 0.8375 0.578125 0.13515625 0.034375
0 0.82890625 0.6078125 0.19765625 0.0328125
0 0.7953125 0.73046875 0.115625 0.0328125
0 0.821875 0.77265625 0.146875 0.0359375
0 0.81875 0.8078125 0.19375 0.06953125
0 0.81328125 0.8390625 0.1578125 0.0421875