1 0.22890625 0.2515625 0.19140625 0.1390625
1 0.28984375 0.35234375 0.23125 0.1640625
1 0.175 0.4875 0.23515625 0.1671875
1 0.2421875 0.64765625 0.2171875 0.15546875
1 0.72265625 0.6515625 0.2046875 0.14140625
1 0.76015625 0.4734375 0.23984375 0.1671875
1 0.7109375 0.35859375 0.23984375 0.16875
0 0.32265625 0.26484375 0.19921875 0.0875
0 0.35 0.35625 0.1 0.0390625
0 0.32265625 0.509375 0.13984375 0.08125
0 0.28203125 0.61875 0.2421875 0.0578125
0 0.740625 0.63046875 0.29921875 0.06875
0 0.76953125 0.490625 0.11796875 0.078125
0 0.68359375 0.38359375 0.2421875 0.1296875