0 0.25078125 0.14609375 0.1421875 0.04765625
0 0.63984375 0.159375 0.084375 0.03515625
0 0.23984375 0.275 0.29140625 0.0421875
0 0.6296875 0.2859375 0.09921875 0.05703125
0 0.24140625 0.36640625 0.20390625 0.07734375
0 0.6515625 0.41328125 0.2671875 0.08515625
0 0.259375 0.60234375 0.13671875 0.07890625
0 0.60703125 0.53671875 0.09453125 0.075
0 0.259375 0.75390625 0.1453125 0.065625
0 0.6671875 0.78125 0.14375 0.05625
1 0.21796875 0.14609375 0.19375 0.14375
1 0.56328125 0.15859375 0.19140625 0.1390625
1 0.18203125 0.29765625 0.190625 0.13828125
1 0.5578125 0.2921875 0.17890625 0.12890625
1 0.2109375 0.40078125 0.19453125 0.1375
1 0.5859375 0.3984375 0.21796875 0.15546875
1 0.27734375 0.58828125 0.190625 0.13984375
1 0.62890625 0.5265625 0.2140625 0.15234375
1 0.634375 0.7984375 0.17578125 0.12890625