0 0.7515625 0.69453125 0.32421875 0.078125
0 0.328125 0.70234375 0.25703125 0.09765625
0 0.36640625 0.57734375 0.1265625 0.0640625
0 0.6984375 0.4703125 0.146875 0.08125
0 0.325 0.45234375 0.2171875 0.09296875
0 0.684375 0.33125 0.18828125 0.05078125
0 0.328125 0.33671875 0.240625 0.09296875
1 0.81484375 0.2703125 0.21171875 0.1484375
1 0.44609375 0.32578125 0.2359375 0.16875
1 0.24375 0.44375 0.240625 0.16875
1 0.63984375 0.48125 0.2015625 0.14375
1 0.47421875 0.5765625 0.2140625 0.146875
1 0.3671875 0.68828125 0.19921875 0.14140625
1 0.75859375 0.725 0.2015625 0.140625