1 0.5546875 0.11640625 0.20859375 0.14453125
0 0.57578125 0.11640625 0.24765625 0.0796875
0 0.6 0.67421875 0.16015625 0.059375
0 0.4765625 0.7765625 0.0828125 0.0390625
0 0.6078125 0.7265625 0.11875 0.09609375
0 0.6203125 0.80546875 0.16875 0.05
0 0.54296875 0.84453125 0.1578125 0.04140625
0 0.66796875 0.8796875 0.10859375 0.06953125
0 0.57734375 0.68984375 0.20390625 0.1015625
1 0.575 0.665625 0.21484375 0.146875
1 0.4984375 0.73515625 0.20390625 0.14296875
1 0.6109375 0.79296875 0.1921875 0.13828125
1 0.58359375 0.81875 0.19609375 0.140625