0 0.28671875 0.2984375 0.22109375 0.08984375
0 0.6515625 0.2828125 0.1765625 0.06171875
0 0.2234375 0.4015625 0.21953125 0.08203125
0 0.7078125 0.50703125 0.0859375 0.0546875
0 0.2203125 0.65078125 0.17421875 0.07421875
0 0.325 0.50234375 0.0484375 0.0375
0 0.6578125 0.63671875 0.13828125 0.0328125
0 0.659375 0.75703125 0.2515625 0.059375
1 0.20546875 0.2796875 0.19921875 0.1421875
1 0.61796875 0.25703125 0.23046875 0.16484375
1 0.30078125 0.3765625 0.2265625 0.16015625
1 0.7328125 0.36484375 0.23203125 0.1609375
1 0.6671875 0.76796875 0.19609375 0.1359375
1 0.31640625 0.684375 0.22890625 0.1625
1 0.3703125 0.5015625 0.2265625 0.16015625
1 0.64765625 0.628125 0.2171875 0.15234375
1 0.5859375 0.4828125 0.19765625 0.13984375
0 0.7796875 0.36953125 0.13125 0.0703125