0 0.79453125 0.13203125 0.1140625 0.11328125
0 0.453125 0.190625 0.25625 0.11015625
0 0.84140625 0.315625 0.14375 0.1453125
0 0.84296875 0.48359375 0.13515625 0.1359375
0 0.3984375 0.44375 0.125 0.03984375
0 0.403125 0.725 0.1265625 0.04765625
0 0.3859375 0.9484375 0.1375 0.040625
0 0.8296875 0.921875 0.11015625 0.15234375
0 0.8296875 0.7890625 0.175 0.12109375
0 0.8140625 0.65 0.1671875 0.14609375
1 0.4421875 0.20625 0.2078125 0.1515625
1 0.7515625 0.16015625 0.2046875 0.1546875
1 0.84375 0.3046875 0.2046875 0.15078125
1 0.8203125 0.315625 0.2125 0.15390625
1 0.4421875 0.48828125 0.21015625 0.1515625
1 0.8078125 0.4890625 0.21015625 0.15078125
1 0.39765625 0.73828125 0.2078125 0.1484375
1 0.409375 0.91171875 0.21015625 0.1515625
1 0.775 0.64140625 0.21015625 0.15078125
1 0.80703125 0.91484375 0.2109375 0.15078125