0 0.81640625 0.24765625 0.1203125 0.0359375
0 0.80234375 0.29140625 0.1046875 0.046875
0 0.8171875 0.328125 0.11796875 0.0296875
0 0.78828125 0.3609375 0.08515625 0.025
0 0.8515625 0.4078125 0.21484375 0.05
0 0.78828125 0.43828125 0.096875 0.03828125
0 0.9140625 0.50234375 0.00078125 0.00234375
0 0.8046875 0.48046875 0.1328125 0.03359375
0 0.79453125 0.5171875 0.096875 0.03671875
0 0.79296875 0.55703125 0.0875 0.0296875
0 0.821875 0.60234375 0.12421875 0.03984375
0 0.83125 0.74609375 0.16875 0.03203125
0 0.8171875 0.7703125 0.10703125 0.0328125
0 0.82265625 0.7828125 0.11953125 0.021875