0 0.125 0.2203125 0.1453125 0.0890625
0 0.13671875 0.43671875 0.20234375 0.2453125
0 0.11015625 0.7203125 0.0578125 0.096875
0 0.09296875 0.578125 0.1265625 0.07734375
0 0.5875 0.23125 0.10390625 0.0890625
0 0.57421875 0.35078125 0.034375 0.0796875
0 0.55390625 0.44765625 0.04453125 0.05625
0 0.58125 0.56796875 0.0578125 0.09921875
1 0.2 0.24609375 0.14453125 0.18203125
1 0.1125 0.73125 0.1484375 0.18984375
1 0.609375 0.678125 0.128125 0.17421875
1 0.70703125 0.2703125 0.11875 0.15234375
1 0.60234375 0.2625 0.1203125 0.1640625
1 0.1609375 0.453125 0.14296875 0.1828125