0 0.87890625 0.12734375 0.10625 0.11171875
0 0.8609375 0.1765625 0.0921875 0.06171875
0 0.87109375 0.3921875 0.1265625 0.0640625
0 0.8671875 0.434375 0.08515625 0.05859375
0 0.8625 0.48359375 0.0890625 0.08359375
0 0.9078125 0.51640625 0.11484375 0.08984375
0 0.8671875 0.97109375 0.109375 0.0578125
0 0.84140625 0.9265625 0.0734375 0.04375
0 0.88984375 0.88671875 0.08828125 0.0640625
0 0.8953125 0.853125 0.13359375 0.071875
0 0.88046875 0.784375 0.09765625 0.059375
0 0.89453125 0.73203125 0.09765625 0.1359375
0 0.88984375 0.6578125 0.0765625 0.08359375
0 0.88359375 0.61171875 0.1734375 0.08359375
0 0.896875 0.58125 0.12578125 0.1953125