1 0.7453125 0.22734375 0.25078125 0.1734375
1 0.17109375 0.2203125 0.2234375 0.1453125
1 0.21796875 0.3625 0.23359375 0.1515625
1 0.61953125 0.3875 0.2578125 0.16875
1 0.21484375 0.5171875 0.27109375 0.1796875
1 0.6359375 0.5140625 0.259375 0.17109375
1 0.1765625 0.70625 0.2359375 0.1546875
1 0.6421875 0.6828125 0.2203125 0.15
1 0.6546875 0.84296875 0.2234375 0.14453125
0 0.64375 0.8421875 0.36328125 0.0796875
0 0.1890625 0.67109375 0.21640625 0.0546875
0 0.6703125 0.6984375 0.3171875 0.1171875
0 0.60546875 0.51640625 0.15 0.0796875
0 0.2203125 0.53046875 0.26484375 0.1
0 0.59453125 0.36875 0.25078125 0.0875
0 0.2015625 0.3578125 0.1703125 0.040625
0 0.2140625 0.2296875 0.22734375 0.06875
0 0.58984375 0.23359375 0.25390625 0.090625