0 0.85078125 0.06171875 0.09921875 0.0296875
0 0.86875 0.08828125 0.109375 0.02890625
0 0.88203125 0.1875 0.1015625 0.0625
0 0.871875 0.228125 0.11328125 0.07734375
0 0.86796875 0.25078125 0.0921875 0.02890625
0 0.86875 0.28046875 0.07578125 0.0546875
0 0.896875 0.29765625 0.0859375 0.0328125
0 0.89765625 0.32734375 0.109375 0.0328125
0 0.87265625 0.33828125 0.06796875 0.03671875
0 0.88359375 0.37890625 0.10234375 0.075
0 0.81953125 0.38984375 0.04453125 0.02421875
0 0.878125 0.434375 0.10390625 0.0265625
0 0.8796875 0.459375 0.10546875 0.04609375
0 0.9 0.48203125 0.12421875 0.075
0 0.9109375 0.521875 0.09765625 0.04609375
0 0.86953125 0.55078125 0.14609375 0.0546875
0 0.890625 0.58671875 0.1703125 0.04765625
0 0.871875 0.621875 0.08671875 0.03359375
0 0.85859375 0.6421875 0.075 0.034375
0 0.8671875 0.6765625 0.0859375 0.06796875
0 0.88515625 0.70546875 0.1 0.03515625
0 0.8984375 0.74375 0.103125 0.0359375
0 0.8484375 0.76171875 0.07734375 0.04296875
0 0.86875 0.80078125 0.09921875 0.02578125
0 0.8671875 0.784375 0.090625 0.0296875