0 0.36328125 0.49296875 0.140625 0.0546875
0 0.29453125 0.559375 0.26796875 0.0765625
0 0.275 0.62265625 0.1765625 0.0765625
0 0.30625 0.6953125 0.215625 0.05859375
0 0.2984375 0.83125 0.31484375 0.0703125
0 0.3484375 0.94453125 0.2375 0.0359375
1 0.55234375 0.46484375 0.26796875 0.12109375
1 0.4640625 0.5640625 0.28984375 0.13359375
1 0.3078125 0.62265625 0.25703125 0.11484375
1 0.41953125 0.7015625 0.26484375 0.11953125
1 0.28203125 0.81484375 0.259375 0.11328125
1 0.35390625 0.95 0.2515625 0.09921875