1 0.5875 0.21015625 0.2171875 0.15546875
1 0.353125 0.21953125 0.209375 0.15078125
1 0.80546875 0.39765625 0.22421875 0.1640625
1 0.3 0.34375 0.2078125 0.1421875
1 0.17265625 0.51796875 0.20546875 0.14453125
1 0.26953125 0.709375 0.23984375 0.16875
0 0.27734375 0.71328125 0.13984375 0.08125
0 0.2578125 0.48828125 0.3609375 0.11640625
0 0.71015625 0.5109375 0.22109375 0.125
0 0.67578125 0.353125 0.13984375 0.06328125
0 0.2984375 0.35 0.3125 0.103125
0 0.2265625 0.221875 0.14765625 0.05859375
0 0.66015625 0.2125 0.14375 0.0484375