0 0.23671875 0.10859375 0.14765625 0.1765625
0 0.22890625 0.2375 0.14921875 0.1078125
0 0.2 0.41328125 0.11015625 0.07734375
0 0.60859375 0.4125 0.2546875 0.1046875
0 0.71484375 0.23046875 0.134375 0.0609375
0 0.61328125 0.14296875 0.15859375 0.0578125
1 0.28515625 0.15859375 0.225 0.15859375
1 0.221875 0.2375 0.20078125 0.14140625
1 0.234375 0.40078125 0.19140625 0.14375
1 0.6078125 0.1453125 0.209375 0.1515625
1 0.70078125 0.25625 0.17890625 0.13359375
1 0.6734375 0.4328125 0.21796875 0.15859375