0 0.671875 0.26796875 0.1609375 0.05390625
0 0.64140625 0.31328125 0.12265625 0.08125
0 0.6140625 0.39140625 0.07421875 0.05390625
0 0.615625 0.44921875 0.16484375 0.0625
0 0.6359375 0.4859375 0.109375 0.046875
0 0.69609375 0.57578125 0.0828125 0.04140625
0 0.62734375 0.834375 0.0875 0.0625
0 0.65546875 0.8859375 0.14375 0.11484375
0 0.70078125 0.64375 0.12421875 0.0484375
0 0.63515625 0.78671875 0.178125 0.10703125
0 0.6609375 0.70390625 0.12890625 0.05390625
1 0.8515625 0.259375 0.19296875 0.16953125
1 0.796875 0.30625 0.1953125 0.16796875
1 0.83125 0.38203125 0.19453125 0.16953125
1 0.8265625 0.4484375 0.19296875 0.17109375
1 0.8015625 0.50859375 0.19609375 0.16875
1 0.8546875 0.571875 0.190625 0.17109375
1 0.665625 0.70625 0.19453125 0.16796875
1 0.83203125 0.65390625 0.196875 0.1734375
1 0.82578125 0.74921875 0.19375 0.17109375
1 0.78046875 0.8984375 0.19765625 0.17421875
1 0.859375 0.80859375 0.1921875 0.1640625