0 0.84921875 0.09296875 0.1015625 0.05703125
0 0.84765625 0.12890625 0.09140625 0.0453125
0 0.825 0.365625 0.09140625 0.04921875
0 0.83203125 0.41796875 0.125 0.1328125
0 0.82109375 0.465625 0.08515625 0.0734375
0 0.8078125 0.5375 0.0921875 0.10390625
0 0.840625 0.60546875 0.12578125 0.07109375
0 0.80859375 0.675 0.11484375 0.09921875
0 0.8453125 0.74375 0.11328125 0.1265625
0 0.815625 0.79375 0.06015625 0.065625
0 0.80546875 0.83515625 0.08671875 0.08046875
0 0.825 0.9203125 0.1078125 0.0609375