0 0.66171875 0.165625 0.08828125 0.128125
0 0.3375 0.2796875 0.0796875 0.07109375
0 0.3421875 0.328125 0.04296875 0.04140625
0 0.33671875 0.8421875 0.0453125 0.1234375
0 0.35859375 0.72890625 0.14921875 0.1015625
0 0.3140625 0.65234375 0.0796875 0.0671875
0 0.3234375 0.5671875 0.11015625 0.06171875
0 0.36640625 0.3734375 0.16953125 0.13828125
0 0.33984375 0.4375 0.05703125 0.08984375
0 0.33046875 0.46796875 0.0828125 0.0390625
0 0.321875 0.52734375 0.06015625 0.05625
0 0.32890625 0.696875 0.096875 0.05703125