0 0.8328125 0.37890625 0.0734375 0.0390625
0 0.80703125 0.42265625 0.10078125 0.05078125
0 0.83125 0.4703125 0.1421875 0.046875
0 0.79453125 0.521875 0.059375 0.078125
0 0.84453125 0.54921875 0.0671875 0.0375
0 0.803125 0.590625 0.075 0.04375
0 0.82109375 0.63828125 0.13046875 0.03984375
0 0.82890625 0.66953125 0.11640625 0.05546875
0 0.84375 0.7203125 0.1921875 0.06640625
0 0.80234375 0.7578125 0.078125 0.09375
0 0.8375 0.79609375 0.09140625 0.06328125
0 0.82578125 0.8390625 0.0640625 0.0546875
0 0.84375 0.921875 0.12109375 0.0921875
0 0.8796875 0.86640625 0.2015625 0.07109375