0 0.43203125 0.2734375 0.103125 0.04453125
0 0.40859375 0.30625 0.0890625 0.040625
0 0.41640625 0.3375 0.21796875 0.03359375
0 0.4140625 0.37421875 0.1859375 0.03125
0 0.41171875 0.40234375 0.16015625 0.06484375
0 0.41796875 0.4421875 0.1046875 0.04609375
0 0.41484375 0.46875 0.1015625 0.0390625
0 0.42109375 0.50078125 0.12890625 0.04296875
0 0.41953125 0.5375 0.11640625 0.04453125
0 0.41328125 0.56875 0.10625 0.040625
0 0.41640625 0.603125 0.11171875 0.03203125
0 0.4203125 0.6328125 0.0484375 0.05625
0 0.41875 0.67421875 0.12890625 0.053125
0 0.41484375 0.73515625 0.08203125 0.0421875
0 0.4171875 0.76640625 0.07734375 0.0484375
0 0.43671875 0.82890625 0.2421875 0.0453125
0 0.41875 0.86015625 0.0890625 0.0421875
0 0.42421875 0.8953125 0.14609375 0.0375
0 0.4203125 0.928125 0.06875 0.03359375